2022-11-22_10-59-03
4
0.002014999999999989
0.41869900000000004
2022-12-05_10-51-52
16
0.973722
0.661845
2023-02-09_10-42-54
2
0.986621
0.678322
--------------------------------------

2023-02-28_10-15-02
5
0.806742
0.61924
2023-03-01_10-18-38
2023-03-03_10-59-32
2023-03-06_10-32-51
0
0.245016
0.072801
3
0.765489
0.45627700000000004
5
0.30971800000000005
0.73105
2023-03-07_10-14-11
0
0.535926
0.10825200000000001
1
0.26837
0.438875
2
0.632952
0.35619999999999996
2023-03-09_10-35-09
2023-03-10_10-30-26
3
0.411052
0.808952
2023-03-14_10-33-51
2023-03-16_10-20-01
2023-03-17_10-11-51
2
0.797627
0.15424800000000005
9
0.028000000000000025
0.797257
2023-03-20_10-39-08
2
0.844504
0.948214
3
0.28404300000000005
0.326384
5
0.82005
0.6583220000000001
10
0.875184
0.311072
2023-03-21_10-40-02
1
0.924053
0.453029
2023-03-22_10-34-47
2023-03-30_10-36-53
3
0.03600000000000003
0.761394